202200554
202403184
202200608
202401525
202304456
202201490
202200655
202402188
202200530
202201814
202402497
202402678
202304610
202401293
202401322
202401054
202202976
202402448
202401464
202400555
202202453
202003643
202203240
202401111
202403448
202200623
201802049
202200750
202401479
202100331
202202342
202401169
202302194
202403639
202402370
202402335
202402663
202202866
202200555
202402425
202201739
202401640
202301658
202202075
202200748
202004245
202203455
202202166
202203234
202202957
202402196
202202800
202402276
202001472
202401208
202304709
202400650
202402754
202403182
202201209
202403719
202402515
202403799
202402918
202402692
202402377
202400311
202401167
202203141
